{
 "cells": [
  {
   "cell_type": "code",
   "execution_count": 53,
   "metadata": {},
   "outputs": [
    {
     "data": {
      "text/html": [
       "<script>requirejs.config({paths: { 'plotly': ['https://cdn.plot.ly/plotly-latest.min']},});if(!window.Plotly) {{require(['plotly'],function(plotly) {window.Plotly=plotly;});}}</script>"
      ],
      "text/vnd.plotly.v1+html": [
       "<script>requirejs.config({paths: { 'plotly': ['https://cdn.plot.ly/plotly-latest.min']},});if(!window.Plotly) {{require(['plotly'],function(plotly) {window.Plotly=plotly;});}}</script>"
      ]
     },
     "metadata": {},
     "output_type": "display_data"
    }
   ],
   "source": [
    "import pandas as pd\n",
    "from pandas.plotting import scatter_matrix\n",
    "\n",
    "import numpy as np\n",
    "import matplotlib.pyplot as plt\n",
    "%matplotlib inline\n",
    "\n",
    "from sklearn.model_selection import train_test_split, learning_curve, cross_val_score, ShuffleSplit \n",
    "from sklearn.neighbors import KNeighborsClassifier\n",
    "from sklearn.metrics import roc_curve, auc, precision_recall_curve, average_precision_score\n",
    "\n",
    "import plotly as py\n",
    "import plotly.graph_objs as go\n",
    "py.offline.init_notebook_mode(connected=True)"
   ]
  },
  {
   "cell_type": "markdown",
   "metadata": {},
   "source": [
    "# Mushroom classification\n",
    "\n",
    "_Данные:_ <br>\n",
    "https://www.kaggle.com/uciml/mushroom-classification/data\n",
    "\n",
    "_Описание задачи:_<br>\n",
    "Перед нами стоит задача классификации ядовитых грибов по категориальным признакам каждого конкретного экземпляра.\n",
    "\n",
    "_Содержимое датасета:_ <br>\n",
    "\n",
    "- **class:** edible=e, poisonous=p\n",
    "- **cap-shape:** bell=b,conical=c,convex=x,flat=f, knobbed=k,sunken=s\n",
    "- **cap-surface:** fibrous=f,grooves=g,scaly=y,smooth=s\n",
    "- **cap-color:** brown=n,buff=b,cinnamon=c,gray=g,green=r,pink=p,purple=u,red=e,white=w,yellow=y\n",
    "- **bruises:** bruises=t,no=f\n",
    "- **odor:** almond=a,anise=l,creosote=c,fishy=y,foul=f,musty=m,none=n,pungent=p,spicy=s\n",
    "- **gill-attachment:** attached=a,descending=d,free=f,notched=n\n",
    "- **gill-spacing:** close=c,crowded=w,distant=d\n",
    "- **gill-size:** broad=b,narrow=n\n",
    "- **gill-color:** black=k,brown=n,buff=b,chocolate=h,gray=g,green=r,orange=o,pink=p,purple=u,red=e,white=w,yellow=y\n",
    "- **stalk-shape:** enlarging=e,tapering=t\n",
    "- **stalk-root:** bulbous=b,club=c,cup=u,equal=e,rhizomorphs=z,rooted=r,missing=?\n",
    "- **stalk-surface-above-ring:** fibrous=f,scaly=y,silky=k,smooth=s\n",
    "- **stalk-surface-below-ring:** fibrous=f,scaly=y,silky=k,smooth=s\n",
    "- **stalk-color-above-ring:** brown=n,buff=b,cinnamon=c,gray=g,orange=o,pink=p,red=e,white=w,yellow=y\n",
    "- **stalk-color-below-ring:** brown=n,buff=b,cinnamon=c,gray=g,orange=o,pink=p,red=e,white=w,yellow=y\n",
    "- **veil-type:** partial=p,universal=u\n",
    "- **veil-color:** brown=n,orange=o,white=w,yellow=y\n",
    "- **ring-number:** none=n,one=o,two=t\n",
    "- **ring-type:** cobwebby=c,evanescent=e,flaring=f,large=l,none=n,pendant=p,sheathing=s,zone=z\n",
    "- **spore-print-color:** black=k,brown=n,buff=b,chocolate=h,green=r,orange=o,purple=u,white=w,yellow=y\n",
    "- **population:** abundant=a,clustered=c,numerous=n,scattered=s,several=v,solitary=y\n",
    "- **habitat:** grasses=g,leaves=l,meadows=m,paths=p,urban=u,waste=w,woods=d\n",
    "\n",
    "Сразу стоит обратить внимание на то, что датасет полностью состоит из категориальных признаков, что, конечно же играет роль при выборе метода классификации."
   ]
  },
  {
   "cell_type": "code",
   "execution_count": 39,
   "metadata": {
    "collapsed": true
   },
   "outputs": [],
   "source": [
    "mushrooms = pd.read_csv('mushrooms.csv')"
   ]
  },
  {
   "cell_type": "markdown",
   "metadata": {},
   "source": [
    "Давайте посмотрим на данные: "
   ]
  },
  {
   "cell_type": "code",
   "execution_count": 40,
   "metadata": {},
   "outputs": [
    {
     "data": {
      "text/html": [
       "<div>\n",
       "<style>\n",
       "    .dataframe thead tr:only-child th {\n",
       "        text-align: right;\n",
       "    }\n",
       "\n",
       "    .dataframe thead th {\n",
       "        text-align: left;\n",
       "    }\n",
       "\n",
       "    .dataframe tbody tr th {\n",
       "        vertical-align: top;\n",
       "    }\n",
       "</style>\n",
       "<table border=\"1\" class=\"dataframe\">\n",
       "  <thead>\n",
       "    <tr style=\"text-align: right;\">\n",
       "      <th></th>\n",
       "      <th>class</th>\n",
       "      <th>cap-shape</th>\n",
       "      <th>cap-surface</th>\n",
       "      <th>cap-color</th>\n",
       "      <th>bruises</th>\n",
       "      <th>odor</th>\n",
       "      <th>gill-attachment</th>\n",
       "      <th>gill-spacing</th>\n",
       "      <th>gill-size</th>\n",
       "      <th>gill-color</th>\n",
       "      <th>...</th>\n",
       "      <th>stalk-surface-below-ring</th>\n",
       "      <th>stalk-color-above-ring</th>\n",
       "      <th>stalk-color-below-ring</th>\n",
       "      <th>veil-type</th>\n",
       "      <th>veil-color</th>\n",
       "      <th>ring-number</th>\n",
       "      <th>ring-type</th>\n",
       "      <th>spore-print-color</th>\n",
       "      <th>population</th>\n",
       "      <th>habitat</th>\n",
       "    </tr>\n",
       "  </thead>\n",
       "  <tbody>\n",
       "    <tr>\n",
       "      <th>0</th>\n",
       "      <td>p</td>\n",
       "      <td>x</td>\n",
       "      <td>s</td>\n",
       "      <td>n</td>\n",
       "      <td>t</td>\n",
       "      <td>p</td>\n",
       "      <td>f</td>\n",
       "      <td>c</td>\n",
       "      <td>n</td>\n",
       "      <td>k</td>\n",
       "      <td>...</td>\n",
       "      <td>s</td>\n",
       "      <td>w</td>\n",
       "      <td>w</td>\n",
       "      <td>p</td>\n",
       "      <td>w</td>\n",
       "      <td>o</td>\n",
       "      <td>p</td>\n",
       "      <td>k</td>\n",
       "      <td>s</td>\n",
       "      <td>u</td>\n",
       "    </tr>\n",
       "    <tr>\n",
       "      <th>1</th>\n",
       "      <td>e</td>\n",
       "      <td>x</td>\n",
       "      <td>s</td>\n",
       "      <td>y</td>\n",
       "      <td>t</td>\n",
       "      <td>a</td>\n",
       "      <td>f</td>\n",
       "      <td>c</td>\n",
       "      <td>b</td>\n",
       "      <td>k</td>\n",
       "      <td>...</td>\n",
       "      <td>s</td>\n",
       "      <td>w</td>\n",
       "      <td>w</td>\n",
       "      <td>p</td>\n",
       "      <td>w</td>\n",
       "      <td>o</td>\n",
       "      <td>p</td>\n",
       "      <td>n</td>\n",
       "      <td>n</td>\n",
       "      <td>g</td>\n",
       "    </tr>\n",
       "    <tr>\n",
       "      <th>2</th>\n",
       "      <td>e</td>\n",
       "      <td>b</td>\n",
       "      <td>s</td>\n",
       "      <td>w</td>\n",
       "      <td>t</td>\n",
       "      <td>l</td>\n",
       "      <td>f</td>\n",
       "      <td>c</td>\n",
       "      <td>b</td>\n",
       "      <td>n</td>\n",
       "      <td>...</td>\n",
       "      <td>s</td>\n",
       "      <td>w</td>\n",
       "      <td>w</td>\n",
       "      <td>p</td>\n",
       "      <td>w</td>\n",
       "      <td>o</td>\n",
       "      <td>p</td>\n",
       "      <td>n</td>\n",
       "      <td>n</td>\n",
       "      <td>m</td>\n",
       "    </tr>\n",
       "    <tr>\n",
       "      <th>3</th>\n",
       "      <td>p</td>\n",
       "      <td>x</td>\n",
       "      <td>y</td>\n",
       "      <td>w</td>\n",
       "      <td>t</td>\n",
       "      <td>p</td>\n",
       "      <td>f</td>\n",
       "      <td>c</td>\n",
       "      <td>n</td>\n",
       "      <td>n</td>\n",
       "      <td>...</td>\n",
       "      <td>s</td>\n",
       "      <td>w</td>\n",
       "      <td>w</td>\n",
       "      <td>p</td>\n",
       "      <td>w</td>\n",
       "      <td>o</td>\n",
       "      <td>p</td>\n",
       "      <td>k</td>\n",
       "      <td>s</td>\n",
       "      <td>u</td>\n",
       "    </tr>\n",
       "    <tr>\n",
       "      <th>4</th>\n",
       "      <td>e</td>\n",
       "      <td>x</td>\n",
       "      <td>s</td>\n",
       "      <td>g</td>\n",
       "      <td>f</td>\n",
       "      <td>n</td>\n",
       "      <td>f</td>\n",
       "      <td>w</td>\n",
       "      <td>b</td>\n",
       "      <td>k</td>\n",
       "      <td>...</td>\n",
       "      <td>s</td>\n",
       "      <td>w</td>\n",
       "      <td>w</td>\n",
       "      <td>p</td>\n",
       "      <td>w</td>\n",
       "      <td>o</td>\n",
       "      <td>e</td>\n",
       "      <td>n</td>\n",
       "      <td>a</td>\n",
       "      <td>g</td>\n",
       "    </tr>\n",
       "  </tbody>\n",
       "</table>\n",
       "<p>5 rows × 23 columns</p>\n",
       "</div>"
      ],
      "text/plain": [
       "  class cap-shape cap-surface cap-color bruises odor gill-attachment  \\\n",
       "0     p         x           s         n       t    p               f   \n",
       "1     e         x           s         y       t    a               f   \n",
       "2     e         b           s         w       t    l               f   \n",
       "3     p         x           y         w       t    p               f   \n",
       "4     e         x           s         g       f    n               f   \n",
       "\n",
       "  gill-spacing gill-size gill-color   ...   stalk-surface-below-ring  \\\n",
       "0            c         n          k   ...                          s   \n",
       "1            c         b          k   ...                          s   \n",
       "2            c         b          n   ...                          s   \n",
       "3            c         n          n   ...                          s   \n",
       "4            w         b          k   ...                          s   \n",
       "\n",
       "  stalk-color-above-ring stalk-color-below-ring veil-type veil-color  \\\n",
       "0                      w                      w         p          w   \n",
       "1                      w                      w         p          w   \n",
       "2                      w                      w         p          w   \n",
       "3                      w                      w         p          w   \n",
       "4                      w                      w         p          w   \n",
       "\n",
       "  ring-number ring-type spore-print-color population habitat  \n",
       "0           o         p                 k          s       u  \n",
       "1           o         p                 n          n       g  \n",
       "2           o         p                 n          n       m  \n",
       "3           o         p                 k          s       u  \n",
       "4           o         e                 n          a       g  \n",
       "\n",
       "[5 rows x 23 columns]"
      ]
     },
     "execution_count": 40,
     "metadata": {},
     "output_type": "execute_result"
    }
   ],
   "source": [
    "mushrooms.head()"
   ]
  },
  {
   "cell_type": "code",
   "execution_count": 41,
   "metadata": {},
   "outputs": [
    {
     "data": {
      "text/html": [
       "<div>\n",
       "<style>\n",
       "    .dataframe thead tr:only-child th {\n",
       "        text-align: right;\n",
       "    }\n",
       "\n",
       "    .dataframe thead th {\n",
       "        text-align: left;\n",
       "    }\n",
       "\n",
       "    .dataframe tbody tr th {\n",
       "        vertical-align: top;\n",
       "    }\n",
       "</style>\n",
       "<table border=\"1\" class=\"dataframe\">\n",
       "  <thead>\n",
       "    <tr style=\"text-align: right;\">\n",
       "      <th></th>\n",
       "      <th>class</th>\n",
       "      <th>cap-shape</th>\n",
       "      <th>cap-surface</th>\n",
       "      <th>cap-color</th>\n",
       "      <th>bruises</th>\n",
       "      <th>odor</th>\n",
       "      <th>gill-attachment</th>\n",
       "      <th>gill-spacing</th>\n",
       "      <th>gill-size</th>\n",
       "      <th>gill-color</th>\n",
       "      <th>...</th>\n",
       "      <th>stalk-surface-below-ring</th>\n",
       "      <th>stalk-color-above-ring</th>\n",
       "      <th>stalk-color-below-ring</th>\n",
       "      <th>veil-type</th>\n",
       "      <th>veil-color</th>\n",
       "      <th>ring-number</th>\n",
       "      <th>ring-type</th>\n",
       "      <th>spore-print-color</th>\n",
       "      <th>population</th>\n",
       "      <th>habitat</th>\n",
       "    </tr>\n",
       "  </thead>\n",
       "  <tbody>\n",
       "    <tr>\n",
       "      <th>count</th>\n",
       "      <td>8124</td>\n",
       "      <td>8124</td>\n",
       "      <td>8124</td>\n",
       "      <td>8124</td>\n",
       "      <td>8124</td>\n",
       "      <td>8124</td>\n",
       "      <td>8124</td>\n",
       "      <td>8124</td>\n",
       "      <td>8124</td>\n",
       "      <td>8124</td>\n",
       "      <td>...</td>\n",
       "      <td>8124</td>\n",
       "      <td>8124</td>\n",
       "      <td>8124</td>\n",
       "      <td>8124</td>\n",
       "      <td>8124</td>\n",
       "      <td>8124</td>\n",
       "      <td>8124</td>\n",
       "      <td>8124</td>\n",
       "      <td>8124</td>\n",
       "      <td>8124</td>\n",
       "    </tr>\n",
       "    <tr>\n",
       "      <th>unique</th>\n",
       "      <td>2</td>\n",
       "      <td>6</td>\n",
       "      <td>4</td>\n",
       "      <td>10</td>\n",
       "      <td>2</td>\n",
       "      <td>9</td>\n",
       "      <td>2</td>\n",
       "      <td>2</td>\n",
       "      <td>2</td>\n",
       "      <td>12</td>\n",
       "      <td>...</td>\n",
       "      <td>4</td>\n",
       "      <td>9</td>\n",
       "      <td>9</td>\n",
       "      <td>1</td>\n",
       "      <td>4</td>\n",
       "      <td>3</td>\n",
       "      <td>5</td>\n",
       "      <td>9</td>\n",
       "      <td>6</td>\n",
       "      <td>7</td>\n",
       "    </tr>\n",
       "    <tr>\n",
       "      <th>top</th>\n",
       "      <td>e</td>\n",
       "      <td>x</td>\n",
       "      <td>y</td>\n",
       "      <td>n</td>\n",
       "      <td>f</td>\n",
       "      <td>n</td>\n",
       "      <td>f</td>\n",
       "      <td>c</td>\n",
       "      <td>b</td>\n",
       "      <td>b</td>\n",
       "      <td>...</td>\n",
       "      <td>s</td>\n",
       "      <td>w</td>\n",
       "      <td>w</td>\n",
       "      <td>p</td>\n",
       "      <td>w</td>\n",
       "      <td>o</td>\n",
       "      <td>p</td>\n",
       "      <td>w</td>\n",
       "      <td>v</td>\n",
       "      <td>d</td>\n",
       "    </tr>\n",
       "    <tr>\n",
       "      <th>freq</th>\n",
       "      <td>4208</td>\n",
       "      <td>3656</td>\n",
       "      <td>3244</td>\n",
       "      <td>2284</td>\n",
       "      <td>4748</td>\n",
       "      <td>3528</td>\n",
       "      <td>7914</td>\n",
       "      <td>6812</td>\n",
       "      <td>5612</td>\n",
       "      <td>1728</td>\n",
       "      <td>...</td>\n",
       "      <td>4936</td>\n",
       "      <td>4464</td>\n",
       "      <td>4384</td>\n",
       "      <td>8124</td>\n",
       "      <td>7924</td>\n",
       "      <td>7488</td>\n",
       "      <td>3968</td>\n",
       "      <td>2388</td>\n",
       "      <td>4040</td>\n",
       "      <td>3148</td>\n",
       "    </tr>\n",
       "  </tbody>\n",
       "</table>\n",
       "<p>4 rows × 23 columns</p>\n",
       "</div>"
      ],
      "text/plain": [
       "       class cap-shape cap-surface cap-color bruises  odor gill-attachment  \\\n",
       "count   8124      8124        8124      8124    8124  8124            8124   \n",
       "unique     2         6           4        10       2     9               2   \n",
       "top        e         x           y         n       f     n               f   \n",
       "freq    4208      3656        3244      2284    4748  3528            7914   \n",
       "\n",
       "       gill-spacing gill-size gill-color   ...   stalk-surface-below-ring  \\\n",
       "count          8124      8124       8124   ...                       8124   \n",
       "unique            2         2         12   ...                          4   \n",
       "top               c         b          b   ...                          s   \n",
       "freq           6812      5612       1728   ...                       4936   \n",
       "\n",
       "       stalk-color-above-ring stalk-color-below-ring veil-type veil-color  \\\n",
       "count                    8124                   8124      8124       8124   \n",
       "unique                      9                      9         1          4   \n",
       "top                         w                      w         p          w   \n",
       "freq                     4464                   4384      8124       7924   \n",
       "\n",
       "       ring-number ring-type spore-print-color population habitat  \n",
       "count         8124      8124              8124       8124    8124  \n",
       "unique           3         5                 9          6       7  \n",
       "top              o         p                 w          v       d  \n",
       "freq          7488      3968              2388       4040    3148  \n",
       "\n",
       "[4 rows x 23 columns]"
      ]
     },
     "execution_count": 41,
     "metadata": {},
     "output_type": "execute_result"
    }
   ],
   "source": [
    "mushrooms.describe(include='all')"
   ]
  },
  {
   "cell_type": "markdown",
   "metadata": {},
   "source": [
    "Посмотрим на столбцы, в которых единственное уникальное значение. Такие признаки можно сразу отбросить:"
   ]
  },
  {
   "cell_type": "code",
   "execution_count": 42,
   "metadata": {},
   "outputs": [],
   "source": [
    "one_unique = list(map(lambda x: x[0], \n",
    "                      filter(lambda x: x[1]==1, [(col, len(mushrooms[col].unique())) for col in mushrooms.columns])))\n",
    "mushrooms[one_unique].describe()\n",
    "mushrooms.drop(one_unique, axis=1, inplace=True)"
   ]
  },
  {
   "cell_type": "markdown",
   "metadata": {},
   "source": [
    "Проверим, есть ли в наших данных пропущенные значения, и выведем эти колонки:"
   ]
  },
  {
   "cell_type": "code",
   "execution_count": 43,
   "metadata": {},
   "outputs": [
    {
     "data": {
      "text/plain": [
       "[]"
      ]
     },
     "execution_count": 43,
     "metadata": {},
     "output_type": "execute_result"
    }
   ],
   "source": [
    "[col for col in mushrooms.columns if mushrooms[col].hasnans]"
   ]
  },
  {
   "cell_type": "markdown",
   "metadata": {},
   "source": [
    "В наших руках оказались прекрасные данные, в которых нет пропусков. Такое случается очень редко"
   ]
  },
  {
   "cell_type": "markdown",
   "metadata": {},
   "source": [
    "## Первичная обработка данных\n",
    "Так как все признаки в нашем датасете - категориальные, можно сразу закодировать все колонки числами:"
   ]
  },
  {
   "cell_type": "code",
   "execution_count": 44,
   "metadata": {
    "collapsed": true
   },
   "outputs": [],
   "source": [
    "for column in mushrooms:\n",
    "    mushrooms['n_' + column] = mushrooms[column].astype('category').cat.codes"
   ]
  },
  {
   "cell_type": "code",
   "execution_count": 45,
   "metadata": {},
   "outputs": [
    {
     "data": {
      "text/html": [
       "<div>\n",
       "<style>\n",
       "    .dataframe thead tr:only-child th {\n",
       "        text-align: right;\n",
       "    }\n",
       "\n",
       "    .dataframe thead th {\n",
       "        text-align: left;\n",
       "    }\n",
       "\n",
       "    .dataframe tbody tr th {\n",
       "        vertical-align: top;\n",
       "    }\n",
       "</style>\n",
       "<table border=\"1\" class=\"dataframe\">\n",
       "  <thead>\n",
       "    <tr style=\"text-align: right;\">\n",
       "      <th></th>\n",
       "      <th>class</th>\n",
       "      <th>n_class</th>\n",
       "    </tr>\n",
       "  </thead>\n",
       "  <tbody>\n",
       "    <tr>\n",
       "      <th>0</th>\n",
       "      <td>p</td>\n",
       "      <td>1</td>\n",
       "    </tr>\n",
       "    <tr>\n",
       "      <th>1</th>\n",
       "      <td>e</td>\n",
       "      <td>0</td>\n",
       "    </tr>\n",
       "    <tr>\n",
       "      <th>2</th>\n",
       "      <td>e</td>\n",
       "      <td>0</td>\n",
       "    </tr>\n",
       "    <tr>\n",
       "      <th>3</th>\n",
       "      <td>p</td>\n",
       "      <td>1</td>\n",
       "    </tr>\n",
       "    <tr>\n",
       "      <th>4</th>\n",
       "      <td>e</td>\n",
       "      <td>0</td>\n",
       "    </tr>\n",
       "  </tbody>\n",
       "</table>\n",
       "</div>"
      ],
      "text/plain": [
       "  class  n_class\n",
       "0     p        1\n",
       "1     e        0\n",
       "2     e        0\n",
       "3     p        1\n",
       "4     e        0"
      ]
     },
     "execution_count": 45,
     "metadata": {},
     "output_type": "execute_result"
    }
   ],
   "source": [
    "mushrooms[['class', 'n_class']].head()"
   ]
  },
  {
   "cell_type": "code",
   "execution_count": 46,
   "metadata": {
    "collapsed": true
   },
   "outputs": [],
   "source": [
    "whole_df = mushrooms\n",
    "mushrooms = mushrooms[[col for col in mushrooms if col.startswith('n_')]]"
   ]
  },
  {
   "cell_type": "markdown",
   "metadata": {},
   "source": [
    "Построим матрицу корреляций для наших признаков:"
   ]
  },
  {
   "cell_type": "code",
   "execution_count": 47,
   "metadata": {},
   "outputs": [
    {
     "data": {
      "application/vnd.plotly.v1+json": {
       "data": [
        {
         "type": "heatmap",
         "x": [
          "n_class",
          "n_cap-shape",
          "n_cap-surface",
          "n_cap-color",
          "n_bruises",
          "n_odor",
          "n_gill-attachment",
          "n_gill-spacing",
          "n_gill-size",
          "n_gill-color",
          "n_stalk-shape",
          "n_stalk-root",
          "n_stalk-surface-above-ring",
          "n_stalk-surface-below-ring",
          "n_stalk-color-above-ring",
          "n_stalk-color-below-ring",
          "n_veil-color",
          "n_ring-number",
          "n_ring-type",
          "n_spore-print-color",
          "n_population",
          "n_habitat"
         ],
         "y": [
          "n_class",
          "n_cap-shape",
          "n_cap-surface",
          "n_cap-color",
          "n_bruises",
          "n_odor",
          "n_gill-attachment",
          "n_gill-spacing",
          "n_gill-size",
          "n_gill-color",
          "n_stalk-shape",
          "n_stalk-root",
          "n_stalk-surface-above-ring",
          "n_stalk-surface-below-ring",
          "n_stalk-color-above-ring",
          "n_stalk-color-below-ring",
          "n_veil-color",
          "n_ring-number",
          "n_ring-type",
          "n_spore-print-color",
          "n_population",
          "n_habitat"
         ],
         "z": [
          [
           1,
           0.05295056443435815,
           0.17844612596168394,
           -0.031384086862136035,
           -0.5015303774076972,
           -0.09355164402404884,
           0.1291998602678856,
           -0.348386785184268,
           0.5400243574329651,
           -0.5305661908665146,
           -0.10201901701656846,
           -0.3793609848064195,
           -0.3345927493729714,
           -0.2988005521949166,
           -0.15400272516022104,
           -0.14673028309666072,
           0.14514159151011563,
           -0.21436647197798211,
           -0.41177138593932633,
           0.17196097382990205,
           0.2986855359732875,
           0.2171792776428267
          ],
          [
           0.05295056443435815,
           1,
           -0.05045365770171951,
           -0.04820283820044916,
           -0.035374130930217206,
           -0.021935249628030576,
           0.07886506704779897,
           0.01319604820028755,
           0.054050293302919786,
           -0.006038763226320077,
           0.06379421617997837,
           0.030191055430107253,
           -0.03041716981451127,
           -0.032591104417988376,
           -0.03165929427686754,
           -0.030389817708475025,
           0.0725604669994439,
           -0.10653379963878833,
           -0.025456589939167384,
           -0.07341553817120325,
           0.06341315048328738,
           -0.04222090838500086
          ],
          [
           0.17844612596168394,
           -0.05045365770171951,
           1,
           -0.019401712635522667,
           0.07022842165185512,
           0.04523330323540429,
           -0.034179889481750714,
           -0.2823057871052661,
           0.20809984064426498,
           -0.16101749586203498,
           -0.014122625626185381,
           -0.1262445059446043,
           0.08909033769833921,
           0.10796450926948836,
           0.06605028033735773,
           0.06888489859293957,
           -0.016603415552749714,
           -0.026147131556552055,
           -0.10640694606588336,
           0.23036405355727785,
           0.021555127619168026,
           0.16388664798423272
          ],
          [
           -0.031384086862136035,
           -0.04820283820044916,
           -0.019401712635522667,
           1,
           -0.0007644492393691107,
           -0.38712094547481407,
           0.041435588145128065,
           0.14425897294509257,
           -0.1694642847887097,
           0.08465908257098662,
           -0.456496034970443,
           0.3212738628928382,
           -0.06083706473714759,
           -0.047710213807999294,
           0.0023642149211821535,
           0.008057407839570877,
           0.036129525517607196,
           -0.0058224821565338045,
           0.1625126956331252,
           -0.2935227045343035,
           -0.14476958574492832,
           0.03392523694544562
          ],
          [
           -0.5015303774076972,
           -0.035374130930217206,
           0.07022842165185512,
           -0.0007644492393691107,
           1,
           -0.061825207476823164,
           0.1373591163346756,
           -0.2994729467370857,
           -0.3695957841893217,
           0.5271195470341534,
           0.0993642220813557,
           0.24418824008857704,
           0.4608238699522516,
           0.4589828319396874,
           0.0835379627055434,
           0.09287364942772026,
           0.11976950058744648,
           0.056787567921488515,
           0.6929729184891975,
           -0.28500827988910027,
           0.08813722715689609,
           -0.07509539578666395
          ],
          [
           -0.09355164402404884,
           -0.021935249628030576,
           0.04523330323540429,
           -0.38712094547481407,
           -0.061825207476823164,
           1,
           -0.059590054350357975,
           0.063935917013758,
           0.31049503555455693,
           -0.1292131809471009,
           0.459765665119561,
           -0.20521491240981107,
           0.11861721072622289,
           0.06182041749825277,
           0.17453211105812447,
           0.1694065071624071,
           -0.05774670246357671,
           0.11190527784979513,
           -0.28138728063214424,
           0.4690552474703702,
           -0.04362269224470102,
           -0.02661044072063106
          ],
          [
           0.1291998602678856,
           0.07886506704779897,
           -0.034179889481750714,
           0.041435588145128065,
           0.1373591163346756,
           -0.059590054350357975,
           1,
           0.07148932924465551,
           0.10898396666041447,
           -0.12856699879849406,
           0.18648479454188047,
           0.14406333593792725,
           -0.08891620593632016,
           -0.11617670578927762,
           0.09929910485989632,
           0.09716006616906954,
           0.8975180742910371,
           0.09323621322395273,
           -0.14668875526463268,
           -0.029524293183980886,
           0.16557465658116863,
           -0.03030435111375649
          ],
          [
           -0.348386785184268,
           0.01319604820028755,
           -0.2823057871052661,
           0.14425897294509257,
           -0.2994729467370857,
           0.063935917013758,
           0.07148932924465551,
           1,
           -0.10833297981843039,
           0.10019304446363615,
           0.08089548487832705,
           0.35054755722774633,
           -0.21235924150875177,
           -0.2137747232160453,
           0.2745741048140517,
           0.25350496366047726,
           0.073362745967031,
           0.24301358393231348,
           -0.19589719006558684,
           0.04732292447293399,
           -0.5292532981361593,
           -0.15467988452857
          ],
          [
           0.5400243574329651,
           0.054050293302919786,
           0.20809984064426498,
           -0.1694642847887097,
           -0.3695957841893217,
           0.31049503555455693,
           0.10898396666041447,
           -0.10833297981843039,
           1,
           -0.516736144624525,
           0.21457620553119502,
           -0.3443453054076979,
           0.0563101120171428,
           0.010893897889440254,
           0.29654821763450323,
           0.27870762035715674,
           0.1038087402603249,
           -0.1713619469948763,
           -0.46087209380283595,
           0.6229907280632163,
           0.1476818653785503,
           0.16141790085000143
          ],
          [
           -0.5305661908665146,
           -0.006038763226320077,
           -0.16101749586203498,
           0.08465908257098662,
           0.5271195470341534,
           -0.1292131809471009,
           -0.12856699879849406,
           0.10019304446363615,
           -0.516736144624525,
           1,
           -0.17569910453809914,
           0.3150800056680066,
           0.22428671105123832,
           0.2572238482646212,
           -0.058299423809355926,
           -0.07478101934554271,
           -0.09758301334685733,
           0.0960537858374719,
           0.6293980433234335,
           -0.41613547778851917,
           -0.034089866466363306,
           -0.2029723176618173
          ],
          [
           -0.10201901701656846,
           0.06379421617997837,
           -0.014122625626185381,
           -0.456496034970443,
           0.0993642220813557,
           0.459765665119561,
           0.18648479454188047,
           0.08089548487832705,
           0.21457620553119502,
           -0.17569910453809914,
           1,
           -0.16342234497988528,
           0.015193251305470489,
           -0.034398735203985564,
           0.2234390815865093,
           0.2357938000482174,
           0.16260435641574325,
           -0.29322108982517425,
           -0.2914444160967643,
           0.2588306318351699,
           0.08738310059350148,
           -0.269216013932342
          ],
          [
           -0.3793609848064195,
           0.030191055430107253,
           -0.1262445059446043,
           0.3212738628928382,
           0.24418824008857704,
           -0.20521491240981107,
           0.14406333593792725,
           0.35054755722774633,
           -0.3443453054076979,
           0.3150800056680066,
           -0.16342234497988528,
           1,
           -0.027065168468705235,
           0.08745435595354033,
           0.1571401821379598,
           0.15980539739463556,
           0.15621301017705894,
           -0.2473572091025301,
           0.21015535747551992,
           -0.536995576710603,
           -0.30674739531094,
           -0.0076684747117999885
          ],
          [
           -0.3345927493729714,
           -0.03041716981451127,
           0.08909033769833921,
           -0.06083706473714759,
           0.4608238699522516,
           0.11861721072622289,
           -0.08891620593632016,
           -0.21235924150875177,
           0.0563101120171428,
           0.22428671105123832,
           0.015193251305470489,
           -0.027065168468705235,
           1,
           0.4371644091077191,
           0.13270803042898788,
           0.1428346103403204,
           -0.09059097810568716,
           0.10790359339741865,
           0.3900910190508842,
           0.10076378010768795,
           0.07960400412954903,
           -0.05807640218953658
          ],
          [
           -0.2988005521949166,
           -0.032591104417988376,
           0.10796450926948836,
           -0.047710213807999294,
           0.4589828319396874,
           0.06182041749825277,
           -0.11617670578927762,
           -0.2137747232160453,
           0.010893897889440254,
           0.2572238482646212,
           -0.034398735203985564,
           0.08745435595354033,
           0.4371644091077191,
           1,
           0.10693314303958977,
           0.11065572509266419,
           -0.07728426568699964,
           0.040006136939250356,
           0.39464360093965156,
           0.1309736937213434,
           0.04679741444141988,
           -0.03962770118686563
          ],
          [
           -0.15400272516022104,
           -0.03165929427686754,
           0.06605028033735773,
           0.0023642149211821535,
           0.0835379627055434,
           0.17453211105812447,
           0.09929910485989632,
           0.2745741048140517,
           0.29654821763450323,
           -0.058299423809355926,
           0.2234390815865093,
           0.1571401821379598,
           0.13270803042898788,
           0.10693314303958977,
           1,
           0.4915098300650864,
           0.0673767663638827,
           0.08491729681588109,
           -0.048877996649614404,
           0.2715330498470231,
           -0.24026053330779554,
           0.042561379961624714
          ],
          [
           -0.14673028309666072,
           -0.030389817708475025,
           0.06888489859293957,
           0.008057407839570877,
           0.09287364942772026,
           0.1694065071624071,
           0.09716006616906954,
           0.25350496366047726,
           0.27870762035715674,
           -0.07478101934554271,
           0.2357938000482174,
           0.15980539739463556,
           0.1428346103403204,
           0.11065572509266419,
           0.4915098300650864,
           1,
           0.06556747379599205,
           0.08757993983258935,
           -0.03428440823022086,
           0.2545177940800248,
           -0.242791931229488,
           0.04159392208104225
          ],
          [
           0.14514159151011563,
           0.0725604669994439,
           -0.016603415552749714,
           0.036129525517607196,
           0.11976950058744648,
           -0.05774670246357671,
           0.8975180742910371,
           0.073362745967031,
           0.1038087402603249,
           -0.09758301334685733,
           0.16260435641574325,
           0.15621301017705894,
           -0.09059097810568716,
           -0.07728426568699964,
           0.0673767663638827,
           0.06556747379599205,
           1,
           0.036380090607742194,
           -0.14367259904562438,
           -0.0036003718879740556,
           0.12492376155508314,
           -0.040581255451733265
          ],
          [
           -0.21436647197798211,
           -0.10653379963878833,
           -0.026147131556552055,
           -0.0058224821565338045,
           0.056787567921488515,
           0.11190527784979513,
           0.09323621322395273,
           0.24301358393231348,
           -0.1713619469948763,
           0.0960537858374719,
           -0.29322108982517425,
           -0.2473572091025301,
           0.10790359339741865,
           0.040006136939250356,
           0.08491729681588109,
           0.08757993983258935,
           0.036380090607742194,
           1,
           0.058312353944118975,
           0.33841733489791115,
           -0.24202001191872408,
           0.2358351209940637
          ],
          [
           -0.41177138593932633,
           -0.025456589939167384,
           -0.10640694606588336,
           0.1625126956331252,
           0.6929729184891975,
           -0.28138728063214424,
           -0.14668875526463268,
           -0.19589719006558684,
           -0.46087209380283595,
           0.6293980433234335,
           -0.2914444160967643,
           0.21015535747551992,
           0.3900910190508842,
           0.39464360093965156,
           -0.048877996649614404,
           -0.03428440823022086,
           -0.14367259904562438,
           0.058312353944118975,
           1,
           -0.4870484220682759,
           0.21176319420646894,
           -0.21208003790942917
          ],
          [
           0.17196097382990205,
           -0.07341553817120325,
           0.23036405355727785,
           -0.2935227045343035,
           -0.28500827988910027,
           0.4690552474703702,
           -0.029524293183980886,
           0.04732292447293399,
           0.6229907280632163,
           -0.41613547778851917,
           0.2588306318351699,
           -0.536995576710603,
           0.10076378010768795,
           0.1309736937213434,
           0.2715330498470231,
           0.2545177940800248,
           -0.0036003718879740556,
           0.33841733489791115,
           -0.4870484220682759,
           1,
           -0.12685862473700826,
           0.18595388067759183
          ],
          [
           0.2986855359732875,
           0.06341315048328738,
           0.021555127619168026,
           -0.14476958574492832,
           0.08813722715689609,
           -0.04362269224470102,
           0.16557465658116863,
           -0.5292532981361593,
           0.1476818653785503,
           -0.034089866466363306,
           0.08738310059350148,
           -0.30674739531094,
           0.07960400412954903,
           0.04679741444141988,
           -0.24026053330779554,
           -0.242791931229488,
           0.12492376155508314,
           -0.24202001191872408,
           0.21176319420646894,
           -0.12685862473700826,
           1,
           -0.17452873986745673
          ],
          [
           0.2171792776428267,
           -0.04222090838500086,
           0.16388664798423272,
           0.03392523694544562,
           -0.07509539578666395,
           -0.02661044072063106,
           -0.03030435111375649,
           -0.15467988452857,
           0.16141790085000143,
           -0.2029723176618173,
           -0.269216013932342,
           -0.0076684747117999885,
           -0.05807640218953658,
           -0.03962770118686563,
           0.042561379961624714,
           0.04159392208104225,
           -0.040581255451733265,
           0.2358351209940637,
           -0.21208003790942917,
           0.18595388067759183,
           -0.17452873986745673,
           1
          ]
         ]
        }
       ],
       "layout": {
        "height": 600,
        "title": "Features correlation matrix",
        "width": 700
       }
      },
      "text/html": [
